505
3469
11576
11632
11576
11632
11576
11632
11576
455
11632
11632
11632
11576
11632
11576
11576
11576
11632
11632
11632
11576
11632
11576
11576
11576
11632
11632
11632
11632
11632
11632
11576
11632
11576
11576
11576
11576
11576
11576
196
195
195
195
195
196
195
195
195
195
196
195
195
195
195
11632
196
195
195
195
195
11576
11632
11595
11576
11632
11576
11576
11576
11632
11576
11576
11632
11632
196
195
195
195
195
11576
11632
11632
11576
196
195
195
195
195
196
195
195
195
195
11576
196
195
195
195
195
11576
11576
11632
11632
11576
196
195
195
195
195
11632
126
11576
196
195
195
195
195
11576
196
195
195
195
195
11595
11632
11576
11576
11632
11632
196
195
195
195
195
196
195
195
195
195
196
195
195
195
195
11632
11576
11576
11595
449
11632
11576
11576
3469
196
195
195
195
195
196
195
195
195
195
196
195
195
195
195
196
195
195
195
195
3469
196
195
195
195
195
11576
11576
196
195
195
195
195
11632
11576
11576
196
195
195
195
195
196
195
195
195
195
11576
11632
3469
11595
11576
196
195
195
195
195
196
195
195
195
195
196
195
195
195
195
441
11576
196
195
195
195
195
11576
11632
11632
11632
11632
